#! FIELDS time d t sigma_d sigma_t height biasf
#! SET multivariate false
#! SET kerneltype stretched-gaussian
#! SET min_t -pi
#! SET max_t pi
0.02 0.3680628491236276 2.316027306795072 0.05 0.3 1.371428571428571 8
0.04 0.4179727568323067 2.43091544382954 0.05 0.3 1.319302537010183 8
0.06 0.4655338063642611 2.353948551976164 0.05 0.3 1.303593545971945 8
0.08 0.4681836262162519 2.368068375451166 0.05 0.3 1.224674015278894 8
0.1 0.486333531986019 2.499483698948039 0.05 0.3 1.199451424355569 8
0.12 0.4946391749598895 2.573438824637748 0.05 0.3 1.166589878452755 8
0.14 0.4987501065373324 2.919033105027513 0.05 0.3 1.272683012926879 8
0.16 0.4647309140890081 2.834331994829058 0.05 0.3 1.160454574232955 8
0.18 0.4406452247205285 2.917358498017694 0.05 0.3 1.177391712545098 8
0.2 0.4922226429960366 2.851472482181567 0.05 0.3 1.067102569348706 8
0.22 0.4688589386435992 2.673209594040139 0.05 0.3 0.9502874660009281 8
0.24 0.4252447892038186 2.56288011884277 0.05 0.3 0.9989451510872998 8
0.26 0.4392163695105165 2.558482929113864 0.05 0.3 0.9090001107842808 8
0.28 0.4633071640208059 2.738015873711635 0.05 0.3 0.8635513429820051 8
0.3 0.4513033667113462 2.835971557015904 0.05 0.3 0.8863122263507945 8
0.32 0.4938981842870072 2.821603159314199 0.05 0.3 0.8791124570152142 8
0.34 0.4893451764562506 2.700971700878948 0.05 0.3 0.7958224114277909 8
0.36 0.5194077958848928 2.770240062502372 0.05 0.3 0.9164393900656975 8
0.38 0.4850940972965963 2.954592235097207 0.05 0.3 0.849753793165288 8
0.4 0.4892877161701518 -2.997101418103164 0.05 0.3 1.16346221752736 8
0.42 0.4792644500075112 -3.017135781953317 0.05 0.3 1.076039734944676 8
0.44 0.4592173437807001 -2.836389149899253 0.05 0.3 1.185343051393876 8
0.46 0.4948459929048651 -2.580984914650811 0.05 0.3 1.266682516378167 8
0.48 0.4962503745106933 -2.907505686909992 0.05 0.3 1.03742124539928 8
0.5 0.5005522126501896 -2.926474862843917 0.05 0.3 0.9836011168756368 8
0.52 0.5272806026443546 -2.909303758077766 0.05 0.3 1.037095247849652 8
0.54 0.5577190715503633 -2.61833072751623 0.05 0.3 1.225809691829101 8
0.5600000000000001 0.5774422822525237 -2.475089665442378 0.05 0.3 1.250588898464065 8
0.58 0.5959873906602378 3.015809094439939 0.05 0.3 1.275440748611885 8
0.6 0.640008587597069 -3.129119516934121 0.05 0.3 1.301055098399595 8
0.62 0.6412584461806319 -2.971462561498661 0.05 0.3 1.235653836587532 8
0.64 0.667938940858375 3.054436639855467 0.05 0.3 1.223549049078308 8
0.66 0.6895169340900911 3.028042868546004 0.05 0.3 1.2065257560295 8
0.68 0.696931534947293 -3.054343718176514 0.05 0.3 1.164345139025045 8
0.7000000000000001 0.6906759931907264 2.838524954676238 0.05 0.3 1.169848021579791 8
0.72 0.6818153716608274 2.954702247026699 0.05 0.3 1.039443575420266 8
0.74 0.63156549169188 -3.049191087282594 0.05 0.3 1.011141840400978 8
0.76 0.6643742003758121 3.136018390997596 0.05 0.3 0.9232934830784728 8
0.78 0.6536356628894973 3.098721731973739 0.05 0.3 0.8813876534651519 8
0.8 0.6559395400195059 2.970257652582761 0.05 0.3 0.8774918056479295 8
0.8200000000000001 0.6266438542944551 2.698934262462799 0.05 0.3 1.104050872540586 8
0.84 0.6209465907499633 2.906938791389733 0.05 0.3 0.9092624684329623 8
0.86 0.6346100024511067 2.68089424268669 0.05 0.3 1.014189341659167 8
0.88 0.6278995377677907 2.758416993760709 0.05 0.3 0.9091186113604459 8
0.9 0.6265314716787963 2.816258754873302 0.05 0.3 0.833060637846637 8
0.92 0.6163619167445373 2.817811338104001 0.05 0.3 0.8219597213539825 8
0.9400000000000001 0.6059812043166038 2.806380532749539 0.05 0.3 0.8231074743785693 8
0.96 0.5747662522704305 2.788841917370454 0.05 0.3 0.8748596411992515 8
0.98 0.569996836662278 2.864271914843331 0.05 0.3 0.8260084076553802 8
1 0.5788235270304704 3.053997084045935 0.05 0.3 0.8002932312816592 8
1.02 0.5640960468741213 2.968606475620148 0.05 0.3 0.7723299518878817 8
1.04 0.5572366764723905 -3.049969928469902 0.05 0.3 0.8437124213932417 8
1.06 0.5536758564728974 -3.109970378120359 0.05 0.3 0.7810157113806567 8
1.08 0.5953760341338974 -2.970081009844078 0.05 0.3 0.8203510022497352 8
1.1 0.6066542577893955 3.042820121143871 0.05 0.3 0.6355558154713637 8
1.12 0.6059024129676271 -2.88480535194537 0.05 0.3 0.8425653897998524 8
1.14 0.6053687610374435 -2.896666095429909 0.05 0.3 0.7971173515135218 8
1.16 0.5437597774872658 -2.617582344152702 0.05 0.3 0.9752400950884403 8
1.18 0.5599461555203361 -2.720648316473789 0.05 0.3 0.8650203311852225 8
1.2 0.5332978782809861 -2.705817439202596 0.05 0.3 0.839043760912967 8
1.22 0.5068116011063625 -2.594539980697739 0.05 0.3 0.9182108418914077 8
1.24 0.4933625242983104 -3.070198539944908 0.05 0.3 0.711261343771088 8
1.26 0.502092358972934 -2.868832814185775 0.05 0.3 0.7253617983586004 8
1.28 0.5110145644989003 -2.762274574340138 0.05 0.3 0.7291344277860206 8
1.3 0.5343106017449001 -2.680240239709751 0.05 0.3 0.7379457886595038 8
1.32 0.5654056902039489 -2.896965509798058 0.05 0.3 0.6572828484264545 8
1.34 0.5518969553766397 -3.115084257564411 0.05 0.3 0.6062734611929702 8
1.36 0.5653649458836275 -3.076603522076248 0.05 0.3 0.5878313814894113 8
1.38 0.5679220306397704 -3.017870379132328 0.05 0.3 0.5780990278103229 8
1.4 0.5250366406147295 -2.923014569573545 0.05 0.3 0.5762553394395042 8
1.42 0.5491104991174377 2.947522319175849 0.05 0.3 0.5992997363377692 8
1.44 0.54909084863436 3.005111654736941 0.05 0.3 0.5620357426820474 8
1.46 0.5328352322763591 2.995447244736186 0.05 0.3 0.5530558451326525 8
1.48 0.5639340866971949 2.9319914163448 0.05 0.3 0.5552787084233343 8
1.5 0.5668554738237896 -3.117676275057701 0.05 0.3 0.5007888874174652 8
1.52 0.5488300708835105 3.061070066993083 0.05 0.3 0.496090216892922 8
1.54 0.5456095246730948 2.773160337954101 0.05 0.3 0.6169785665543356 8
1.56 0.560242336548209 2.840827028416492 0.05 0.3 0.5545080691032466 8
1.58 0.5871214580050726 2.608625882730044 0.05 0.3 0.7757887206702071 8
1.6 0.592382737545589 2.367415789959611 0.05 0.3 1.070155241734386 8
1.62 0.6201393086476651 2.395138001276254 0.05 0.3 1.010147647710589 8
1.64 0.6372944404111838 2.454444703823467 0.05 0.3 0.9301472795211909 8
1.66 0.6555160643851516 2.533758106825058 0.05 0.3 0.8675341844877229 8
1.68 0.6366528028101313 2.528041748428197 0.05 0.3 0.7758276635125666 8
1.7 0.6362522182256013 2.588010310133607 0.05 0.3 0.690307507651395 8
1.72 0.6267004366920352 2.749339199537356 0.05 0.3 0.540285048721406 8
1.74 0.6570029441927966 2.919643686385766 0.05 0.3 0.5574255741990561 8
1.76 0.6383958385978052 2.939405155483846 0.05 0.3 0.4842173559703206 8
1.78 0.6563300101237175 2.957883552914877 0.05 0.3 0.5253670346229201 8
1.8 0.6409020007973123 2.981058221798035 0.05 0.3 0.4670490673886439 8
1.82 0.6309259299870307 3.016013297202054 0.05 0.3 0.4415327295005153 8
1.84 0.6397855240531752 -3.097946143542278 0.05 0.3 0.5151733322710214 8
1.86 0.6482834745795996 3.095861022106101 0.05 0.3 0.4797961854792865 8
1.88 0.6430999105045847 3.099963706527589 0.05 0.3 0.4562805546823503 8
1.9 0.6408455606665296 3.13489765291766 0.05 0.3 0.4552923503780608 8
1.92 0.6155540584392248 -2.856620492940183 0.05 0.3 0.6302221372412814 8
1.94 0.6660393130521662 -2.834105479037873 0.05 0.3 0.8219122318482539 8
1.96 0.641898154364859 -2.798484742863376 0.05 0.3 0.7355758471109166 8
1.98 0.5822806700604142 -2.589372435625709 0.05 0.3 0.7811486500450076 8
2 0.5851335422969718 -2.497172090682954 0.05 0.3 0.8619633140233798 8
2.02 0.5888043839994794 -2.519532205178975 0.05 0.3 0.8111943439251182 8
2.04 0.593200629429025 -2.460319977885786 0.05 0.3 0.8554511020094975 8
2.06 0.5982207884945093 -2.361378026093939 0.05 0.3 0.9424698991985859 8
2.08 0.587212035891634 -2.247840408881989 0.05 0.3 1.000927459807236 8
2.1 0.5755737527198391 -2.313170895454431 0.05 0.3 0.8697429206512874 8
2.12 0.6024095034525899 -2.358307074195841 0.05 0.3 0.8428183734203656 8
2.14 0.6013467910648593 -2.335662465799865 0.05 0.3 0.8243864353335577 8
2.16 0.5859521561305193 -2.347214142961354 0.05 0.3 0.7480313639932317 8
2.18 0.5741431953842091 -2.478336701258292 0.05 0.3 0.6149656747053127 8
2.2 0.5325091094479072 -2.553491984489916 0.05 0.3 0.616439113604212 8
2.22 0.4823313656626563 -2.68311939887927 0.05 0.3 0.7403045365538914 8
2.24 0.4513086315361117 -2.659951430763439 0.05 0.3 0.936980440296925 8
2.26 0.4617621998020225 -2.402200892234905 0.05 0.3 1.041316486858188 8
2.28 0.4773559203885556 -2.445993435238493 0.05 0.3 0.8716327778858728 8
2.3 0.4879590751005645 -2.482011511904174 0.05 0.3 0.7542581871921625 8
2.32 0.5095551271854746 -2.541678470468567 0.05 0.3 0.6028497836324913 8
2.34 0.5139303524603337 -2.567374724901599 0.05 0.3 0.5567119284540044 8
2.36 0.4874324823070288 -2.497327487858371 0.05 0.3 0.6801753543750118 8
2.38 0.4792761076175174 -2.640837630066473 0.05 0.3 0.6111589455216317 8
2.4 0.4067791017321317 -2.572611511019047 0.05 0.3 1.123439998219488 8
2.42 0.3651897120415655 -2.554672916677089 0.05 0.3 1.263227309280201 8
